0 0	3 8	1 0 -1 -1 -1 -1 -1 -1 
1 0	3 7	2 0 -1 -1 -1 -1 -1 -1 
2 0	3 6	3 0 -1 -1 -1 -1 -1 -1 
3 0	3 5	4 0 -1 -1 -1 -1 -1 -1 
4 0	3 4	4 1 -1 -1 -1 -1 -1 -1 
5 0	3 5	4 0 -1 -1 -1 -1 -1 -1 
6 0	3 6	5 0 -1 -1 -1 -1 -1 -1 
7 0	3 7	6 0 -1 -1 -1 -1 -1 -1 
8 0	3 8	7 0 -1 -1 -1 -1 -1 -1 
9 0	3 9	8 0 -1 -1 -1 -1 -1 -1 
0 1	3 9	0 0 -1 -1 -1 -1 -1 -1 
1 1	0 2147483647	-1 -1 -1 -1 -1 -1 -1 -1 
2 1	0 2147483647	-1 -1 -1 -1 -1 -1 -1 -1 
3 1	0 2147483647	-1 -1 -1 -1 -1 -1 -1 -1 
4 1	3 3	4 2 -1 -1 -1 -1 -1 -1 
5 1	0 2147483647	-1 -1 -1 -1 -1 -1 -1 -1 
6 1	0 2147483647	-1 -1 -1 -1 -1 -1 -1 -1 
7 1	0 2147483647	-1 -1 -1 -1 -1 -1 -1 -1 
8 1	3 9	8 0 -1 -1 -1 -1 -1 -1 
9 1	3 10	8 1 9 0 -1 -1 -1 -1 
0 2	3 10	0 1 -1 -1 -1 -1 -1 -1 
1 2	0 2147483647	-1 -1 -1 -1 -1 -1 -1 -1 
2 2	3 4	3 2 -1 -1 -1 -1 -1 -1 
3 2	3 3	4 2 -1 -1 -1 -1 -1 -1 
4 2	3 2	5 2 -1 -1 -1 -1 -1 -1 
5 2	3 1	6 2 -1 -1 -1 -1 -1 -1 
6 2	3 0	-1 -1 -1 -1 -1 -1 -1 -1 
7 2	0 2147483647	-1 -1 -1 -1 -1 -1 -1 -1 
8 2	3 10	8 1 -1 -1 -1 -1 -1 -1 
9 2	3 11	9 1 8 2 -1 -1 -1 -1 
0 3	3 11	0 2 -1 -1 -1 -1 -1 -1 
1 3	0 2147483647	-1 -1 -1 -1 -1 -1 -1 -1 
2 3	3 5	2 2 -1 -1 -1 -1 -1 -1 
3 3	0 2147483647	-1 -1 -1 -1 -1 -1 -1 -1 
4 3	3 3	4 2 -1 -1 -1 -1 -1 -1 
5 3	0 2147483647	-1 -1 -1 -1 -1 -1 -1 -1 
6 3	3 1	6 2 -1 -1 -1 -1 -1 -1 
7 3	0 2147483647	-1 -1 -1 -1 -1 -1 -1 -1 
8 3	3 11	8 2 -1 -1 -1 -1 -1 -1 
9 3	3 12	9 2 8 3 -1 -1 -1 -1 
0 4	3 12	0 3 -1 -1 -1 -1 -1 -1 
1 4	0 2147483647	-1 -1 -1 -1 -1 -1 -1 -1 
2 4	3 6	2 3 -1 -1 -1 -1 -1 -1 
3 4	0 2147483647	-1 -1 -1 -1 -1 -1 -1 -1 
4 4	3 4	4 3 -1 -1 -1 -1 -1 -1 
5 4	0 2147483647	-1 -1 -1 -1 -1 -1 -1 -1 
6 4	3 2	6 3 -1 -1 -1 -1 -1 -1 
7 4	0 2147483647	-1 -1 -1 -1 -1 -1 -1 -1 
8 4	3 12	8 3 -1 -1 -1 -1 -1 -1 
9 4	2 13	8 4 9 3 -1 -1 -1 -1 
0 5	3 13	0 4 -1 -1 -1 -1 -1 -1 
1 5	0 2147483647	-1 -1 -1 -1 -1 -1 -1 -1 
2 5	3 7	2 4 -1 -1 -1 -1 -1 -1 
3 5	0 2147483647	-1 -1 -1 -1 -1 -1 -1 -1 
4 5	3 5	4 4 -1 -1 -1 -1 -1 -1 
5 5	0 2147483647	-1 -1 -1 -1 -1 -1 -1 -1 
6 5	3 3	6 4 -1 -1 -1 -1 -1 -1 
7 5	0 2147483647	-1 -1 -1 -1 -1 -1 -1 -1 
8 5	2 13	8 4 -1 -1 -1 -1 -1 -1 
9 5	1 2147483647	-1 -1 -1 -1 -1 -1 -1 -1 
0 6	2 14	0 5 -1 -1 -1 -1 -1 -1 
1 6	0 2147483647	-1 -1 -1 -1 -1 -1 -1 -1 
2 6	3 8	2 5 -1 -1 -1 -1 -1 -1 
3 6	0 2147483647	-1 -1 -1 -1 -1 -1 -1 -1 
4 6	3 6	4 5 -1 -1 -1 -1 -1 -1 
5 6	0 2147483647	-1 -1 -1 -1 -1 -1 -1 -1 
6 6	3 4	6 5 -1 -1 -1 -1 -1 -1 
7 6	0 2147483647	-1 -1 -1 -1 -1 -1 -1 -1 
8 6	1 2147483647	-1 -1 -1 -1 -1 -1 -1 -1 
9 6	1 2147483647	-1 -1 -1 -1 -1 -1 -1 -1 
0 7	1 2147483647	-1 -1 -1 -1 -1 -1 -1 -1 
1 7	0 2147483647	-1 -1 -1 -1 -1 -1 -1 -1 
2 7	3 9	3 7 2 6 -1 -1 -1 -1 
3 7	3 8	4 7 -1 -1 -1 -1 -1 -1 
4 7	3 7	5 7 4 6 -1 -1 -1 -1 
5 7	3 6	6 7 -1 -1 -1 -1 -1 -1 
6 7	3 5	6 6 -1 -1 -1 -1 -1 -1 
7 7	0 2147483647	-1 -1 -1 -1 -1 -1 -1 -1 
8 7	1 2147483647	-1 -1 -1 -1 -1 -1 -1 -1 
9 7	1 2147483647	-1 -1 -1 -1 -1 -1 -1 -1 
0 8	2 14	1 8 0 9 -1 -1 -1 -1 
1 8	6 13	1 9 -1 -1 -1 -1 -1 -1 
2 8	0 2147483647	-1 -1 -1 -1 -1 -1 -1 -1 
3 8	0 2147483647	-1 -1 -1 -1 -1 -1 -1 -1 
4 8	3 8	4 7 -1 -1 -1 -1 -1 -1 
5 8	0 2147483647	-1 -1 -1 -1 -1 -1 -1 -1 
6 8	0 2147483647	-1 -1 -1 -1 -1 -1 -1 -1 
7 8	2 13	7 9 -1 -1 -1 -1 -1 -1 
8 8	1 2147483647	-1 -1 -1 -1 -1 -1 -1 -1 
9 8	1 2147483647	-1 -1 -1 -1 -1 -1 -1 -1 
0 9	3 13	1 9 -1 -1 -1 -1 -1 -1 
1 9	3 12	2 9 -1 -1 -1 -1 -1 -1 
2 9	3 11	3 9 -1 -1 -1 -1 -1 -1 
3 9	3 10	4 9 -1 -1 -1 -1 -1 -1 
4 9	3 9	4 8 -1 -1 -1 -1 -1 -1 
5 9	3 10	4 9 -1 -1 -1 -1 -1 -1 
6 9	3 11	5 9 -1 -1 -1 -1 -1 -1 
7 9	3 12	6 9 -1 -1 -1 -1 -1 -1 
8 9	2 13	7 9 -1 -1 -1 -1 -1 -1 
9 9	1 2147483647	-1 -1 -1 -1 -1 -1 -1 -1 
