0 0	1 2147483647	2147483647	
1 0	1 2147483647	2147483647	
2 0	1 2147483647	2147483647	
3 0	1 2147483647	2147483647	
4 0	1 2147483647	2147483647	
5 0	1 2147483647	2147483647	
6 0	1 2147483647	2147483647	
7 0	1 2147483647	2147483647	
8 0	1 2147483647	2147483647	
9 0	2 2147483647	11	
0 1	1 2147483647	2147483647	
1 1	0 2147483647	2147483647	
2 1	0 2147483647	2147483647	
3 1	0 2147483647	2147483647	
4 1	1 2147483647	2147483647	
5 1	0 2147483647	2147483647	
6 1	0 2147483647	2147483647	
7 1	0 2147483647	2147483647	
8 1	2 2147483647	11	
9 1	2 10	12	
0 2	2 2147483647	12	
1 2	0 2147483647	2147483647	
2 2	1 2147483647	2147483647	
3 2	1 2147483647	2147483647	
4 2	0 2147483647	2147483647	
5 2	1 1	1	
6 2	1 0	0	
7 2	0 2147483647	2147483647	
8 2	2 10	12	
9 2	1 11	11	
0 3	2 11	13	
1 3	0 2147483647	2147483647	
2 3	1 2147483647	2147483647	
3 3	0 2147483647	2147483647	
4 3	1 2147483647	2147483647	
5 3	0 2147483647	2147483647	
6 3	1 1	1	
7 3	0 2147483647	2147483647	
8 3	1 11	11	
9 3	1 12	12	
0 4	1 12	12	
1 4	0 2147483647	2147483647	
2 4	1 2147483647	2147483647	
3 4	0 2147483647	2147483647	
4 4	2 2147483647	10	
5 4	0 2147483647	2147483647	
6 4	1 2	2	
7 4	0 2147483647	2147483647	
8 4	1 12	12	
9 4	1 13	13	
0 5	1 13	13	
1 5	0 2147483647	2147483647	
2 5	2 2147483647	11	
3 5	0 2147483647	2147483647	
4 5	1 9	9	
5 5	0 2147483647	2147483647	
6 5	1 3	3	
7 5	0 2147483647	2147483647	
8 5	1 13	13	
9 5	1 14	14	
0 6	1 14	14	
1 6	0 2147483647	2147483647	
2 6	4 10	10	
3 6	0 2147483647	2147483647	
4 6	1 8	8	
5 6	0 2147483647	2147483647	
6 6	1 4	4	
7 6	0 2147483647	2147483647	
8 6	1 14	14	
9 6	1 15	15	
0 7	1 15	15	
1 7	0 2147483647	2147483647	
2 7	1 9	9	
3 7	1 8	8	
4 7	1 7	7	
5 7	1 6	6	
6 7	1 5	5	
7 7	0 2147483647	2147483647	
8 7	1 15	15	
9 7	1 16	16	
0 8	1 14	14	
1 8	1 13	13	
2 8	0 2147483647	2147483647	
3 8	0 2147483647	2147483647	
4 8	1 8	8	
5 8	0 2147483647	2147483647	
6 8	0 2147483647	2147483647	
7 8	1 13	13	
8 8	1 14	14	
9 8	1 15	15	
0 9	1 13	13	
1 9	1 12	12	
2 9	1 11	11	
3 9	1 10	10	
4 9	1 9	9	
5 9	1 10	10	
6 9	1 11	11	
7 9	1 12	12	
8 9	1 13	13	
9 9	1 14	14	
