0 0	1 0	0	
1 0	1 1	1	
2 0	1 2	2	
3 0	1 3	3	
4 0	1 4	4	
5 0	1 5	5	
6 0	1 6	6	
7 0	1 7	7	
8 0	1 8	8	
9 0	1 9	9	
0 1	1 1	1	
1 1	0 2147483647	2147483647	
2 1	0 2147483647	2147483647	
3 1	0 2147483647	2147483647	
4 1	1 5	5	
5 1	0 2147483647	2147483647	
6 1	0 2147483647	2147483647	
7 1	0 2147483647	2147483647	
8 1	1 9	9	
9 1	1 10	10	
0 2	0 2147483647	2147483647	
1 2	0 2147483647	2147483647	
2 2	1 8	8	
3 2	1 7	7	
4 2	1 6	6	
5 2	1 7	7	
6 2	1 8	8	
7 2	0 2147483647	2147483647	
8 2	0 2147483647	2147483647	
9 2	0 2147483647	2147483647	
0 3	1 23	23	
1 3	0 2147483647	2147483647	
2 3	1 9	9	
3 3	0 2147483647	2147483647	
4 3	1 7	7	
5 3	0 2147483647	2147483647	
6 3	1 9	9	
7 3	0 2147483647	2147483647	
8 3	2 2147483647	23	
9 3	1 2147483647	2147483647	
0 4	1 22	22	
1 4	0 2147483647	2147483647	
2 4	1 10	10	
3 4	0 2147483647	2147483647	
4 4	1 8	8	
5 4	0 2147483647	2147483647	
6 4	1 10	10	
7 4	0 2147483647	2147483647	
8 4	1 22	22	
9 4	2 2147483647	23	
0 5	1 21	21	
1 5	0 2147483647	2147483647	
2 5	1 11	11	
3 5	0 2147483647	2147483647	
4 5	1 9	9	
5 5	0 2147483647	2147483647	
6 5	1 11	11	
7 5	0 2147483647	2147483647	
8 5	1 21	21	
9 5	4 22	22	
0 6	1 20	20	
1 6	0 2147483647	2147483647	
2 6	1 12	12	
3 6	0 2147483647	2147483647	
4 6	1 10	10	
5 6	0 2147483647	2147483647	
6 6	1 12	12	
7 6	0 2147483647	2147483647	
8 6	1 20	20	
9 6	1 21	21	
0 7	1 19	19	
1 7	0 2147483647	2147483647	
2 7	1 13	13	
3 7	1 12	12	
4 7	1 11	11	
5 7	1 12	12	
6 7	1 13	13	
7 7	0 2147483647	2147483647	
8 7	1 19	19	
9 7	1 20	20	
0 8	1 18	18	
1 8	1 17	17	
2 8	0 2147483647	2147483647	
3 8	0 2147483647	2147483647	
4 8	1 12	12	
5 8	0 2147483647	2147483647	
6 8	0 2147483647	2147483647	
7 8	1 17	17	
8 8	1 18	18	
9 8	1 19	19	
0 9	1 17	17	
1 9	1 16	16	
2 9	1 15	15	
3 9	1 14	14	
4 9	1 13	13	
5 9	1 14	14	
6 9	1 15	15	
7 9	1 16	16	
8 9	1 17	17	
9 9	1 18	18	
