0 0	1 22	22	
1 0	1 23	23	
2 0	1 24	24	
3 0	1 25	25	
4 0	1 26	26	
5 0	1 25	25	
6 0	1 24	24	
7 0	1 23	23	
8 0	1 22	22	
9 0	1 23	23	
0 1	2 21	23	
1 1	0 2147483647	2147483647	
2 1	0 2147483647	2147483647	
3 1	0 2147483647	2147483647	
4 1	1 27	27	
5 1	0 2147483647	2147483647	
6 1	0 2147483647	2147483647	
7 1	0 2147483647	2147483647	
8 1	2 21	23	
9 1	1 22	22	
0 2	2 2147483647	22	
1 2	0 2147483647	2147483647	
2 2	1 2147483647	2147483647	
3 2	1 2147483647	2147483647	
4 2	0 2147483647	2147483647	
5 2	1 1	1	
6 2	1 0	0	
7 2	0 2147483647	2147483647	
8 2	2 2147483647	22	
9 2	2 21	23	
0 3	1 2147483647	2147483647	
1 3	0 2147483647	2147483647	
2 3	1 2147483647	2147483647	
3 3	0 2147483647	2147483647	
4 3	1 2147483647	2147483647	
5 3	0 2147483647	2147483647	
6 3	1 1	1	
7 3	0 2147483647	2147483647	
8 3	1 2147483647	2147483647	
9 3	5 2147483647	22	
0 4	1 2147483647	2147483647	
1 4	0 2147483647	2147483647	
2 4	1 2147483647	2147483647	
3 4	0 2147483647	2147483647	
4 4	1 2147483647	2147483647	
5 4	0 2147483647	2147483647	
6 4	1 2	2	
7 4	0 2147483647	2147483647	
8 4	1 2147483647	2147483647	
9 4	1 2147483647	2147483647	
0 5	1 2147483647	2147483647	
1 5	0 2147483647	2147483647	
2 5	1 2147483647	2147483647	
3 5	0 2147483647	2147483647	
4 5	1 2147483647	2147483647	
5 5	0 2147483647	2147483647	
6 5	1 3	3	
7 5	0 2147483647	2147483647	
8 5	1 2147483647	2147483647	
9 5	1 2147483647	2147483647	
0 6	1 2147483647	2147483647	
1 6	0 2147483647	2147483647	
2 6	1 2147483647	2147483647	
3 6	0 2147483647	2147483647	
4 6	1 2147483647	2147483647	
5 6	0 2147483647	2147483647	
6 6	1 4	4	
7 6	0 2147483647	2147483647	
8 6	1 2147483647	2147483647	
9 6	1 2147483647	2147483647	
0 7	1 2147483647	2147483647	
1 7	0 2147483647	2147483647	
2 7	1 2147483647	2147483647	
3 7	1 2147483647	2147483647	
4 7	0 2147483647	2147483647	
5 7	1 6	6	
6 7	1 5	5	
7 7	0 2147483647	2147483647	
8 7	1 2147483647	2147483647	
9 7	1 2147483647	2147483647	
0 8	1 2147483647	2147483647	
1 8	1 2147483647	2147483647	
2 8	0 2147483647	2147483647	
3 8	0 2147483647	2147483647	
4 8	1 2147483647	2147483647	
5 8	0 2147483647	2147483647	
6 8	0 2147483647	2147483647	
7 8	1 2147483647	2147483647	
8 8	1 2147483647	2147483647	
9 8	1 2147483647	2147483647	
0 9	1 2147483647	2147483647	
1 9	1 2147483647	2147483647	
2 9	1 2147483647	2147483647	
3 9	1 2147483647	2147483647	
4 9	1 2147483647	2147483647	
5 9	1 2147483647	2147483647	
6 9	1 2147483647	2147483647	
7 9	1 2147483647	2147483647	
8 9	1 2147483647	2147483647	
9 9	1 2147483647	2147483647	
