0 0	1 0	2147483647	
1 0	1 1	2147483647	
2 0	1 2	2147483647	
3 0	1 3	2147483647	
4 0	5 4	167	
5 0	1 5	2147483647	
6 0	1 6	2147483647	
7 0	1 7	2147483647	
8 0	1 8	2147483647	
9 0	1 9	2147483647	
0 1	1 1	2147483647	
1 1	0 2147483647	2147483647	
2 1	0 2147483647	2147483647	
3 1	0 2147483647	2147483647	
4 1	2 5	166	
5 1	0 2147483647	2147483647	
6 1	0 2147483647	2147483647	
7 1	0 2147483647	2147483647	
8 1	1 9	2147483647	
9 1	1 10	2147483647	
0 2	1 2	2147483647	
1 2	0 2147483647	2147483647	
2 2	1 8	2147483647	
3 2	1 7	2147483647	
4 2	2 6	165	
5 2	1 7	2147483647	
6 2	1 8	2147483647	
7 2	0 2147483647	2147483647	
8 2	1 10	2147483647	
9 2	0 2147483647	2147483647	
0 3	1 3	2147483647	
1 3	0 2147483647	2147483647	
2 3	1 9	2147483647	
3 3	0 2147483647	2147483647	
4 3	2 7	164	
5 3	0 2147483647	2147483647	
6 3	1 9	2147483647	
7 3	0 2147483647	2147483647	
8 3	1 11	2147483647	
9 3	1 12	2147483647	
0 4	1 4	2147483647	
1 4	0 2147483647	2147483647	
2 4	1 10	2147483647	
3 4	0 2147483647	2147483647	
4 4	2 8	163	
5 4	0 2147483647	2147483647	
6 4	1 10	2147483647	
7 4	0 2147483647	2147483647	
8 4	1 12	2147483647	
9 4	1 13	2147483647	
0 5	1 5	2147483647	
1 5	0 2147483647	2147483647	
2 5	1 11	2147483647	
3 5	0 2147483647	2147483647	
4 5	2 9	162	
5 5	0 2147483647	2147483647	
6 5	1 11	2147483647	
7 5	0 2147483647	2147483647	
8 5	1 13	2147483647	
9 5	1 14	2147483647	
0 6	1 6	2147483647	
1 6	0 2147483647	2147483647	
2 6	1 12	2147483647	
3 6	0 2147483647	2147483647	
4 6	2 10	161	
5 6	0 2147483647	2147483647	
6 6	1 12	2147483647	
7 6	0 2147483647	2147483647	
8 6	1 14	2147483647	
9 6	1 15	2147483647	
0 7	1 7	2147483647	
1 7	0 2147483647	2147483647	
2 7	1 13	2147483647	
3 7	1 12	2147483647	
4 7	2 11	160	
5 7	1 12	2147483647	
6 7	1 13	2147483647	
7 7	0 2147483647	2147483647	
8 7	1 15	2147483647	
9 7	1 16	2147483647	
0 8	1 8	2147483647	
1 8	1 9	2147483647	
2 8	0 2147483647	2147483647	
3 8	0 2147483647	2147483647	
4 8	2 12	159	
5 8	0 2147483647	2147483647	
6 8	0 2147483647	2147483647	
7 8	1 17	2147483647	
8 8	1 16	2147483647	
9 8	1 17	2147483647	
0 9	2 9	154	
1 9	2 10	155	
2 9	2 11	156	
3 9	2 12	157	
4 9	2 13	158	
5 9	2 14	149	
6 9	2 15	148	
7 9	2 16	147	
8 9	2 17	146	
9 9	2 18	145	
