0 0	1 0	2147483647	
1 0	1 1	2147483647	
2 0	1 2	2147483647	
3 0	1 3	2147483647	
4 0	1 4	2147483647	
5 0	1 5	2147483647	
6 0	1 6	2147483647	
7 0	1 7	2147483647	
8 0	1 8	2147483647	
9 0	1 9	2147483647	
0 1	1 1	2147483647	
1 1	0 2147483647	2147483647	
2 1	0 2147483647	2147483647	
3 1	0 2147483647	2147483647	
4 1	1 5	2147483647	
5 1	0 2147483647	2147483647	
6 1	0 2147483647	2147483647	
7 1	0 2147483647	2147483647	
8 1	1 9	2147483647	
9 1	1 10	2147483647	
0 2	1 2	2147483647	
1 2	0 2147483647	2147483647	
2 2	1 8	2147483647	
3 2	1 7	2147483647	
4 2	1 6	2147483647	
5 2	1 7	2147483647	
6 2	1 8	2147483647	
7 2	0 2147483647	2147483647	
8 2	0 2147483647	2147483647	
9 2	0 2147483647	2147483647	
0 3	1 3	2147483647	
1 3	0 2147483647	2147483647	
2 3	1 9	2147483647	
3 3	0 2147483647	2147483647	
4 3	1 7	2147483647	
5 3	0 2147483647	2147483647	
6 3	1 9	2147483647	
7 3	0 2147483647	2147483647	
8 3	1 23	2147483647	
9 3	1 24	2147483647	
0 4	1 4	2147483647	
1 4	0 2147483647	2147483647	
2 4	1 10	2147483647	
3 4	0 2147483647	2147483647	
4 4	1 8	2147483647	
5 4	0 2147483647	2147483647	
6 4	1 10	2147483647	
7 4	0 2147483647	2147483647	
8 4	1 22	2147483647	
9 4	1 23	2147483647	
0 5	1 5	2147483647	
1 5	0 2147483647	2147483647	
2 5	1 11	2147483647	
3 5	0 2147483647	2147483647	
4 5	1 9	2147483647	
5 5	0 2147483647	2147483647	
6 5	1 11	2147483647	
7 5	0 2147483647	2147483647	
8 5	1 21	2147483647	
9 5	1 22	2147483647	
0 6	1 6	2147483647	
1 6	0 2147483647	2147483647	
2 6	1 12	2147483647	
3 6	0 2147483647	2147483647	
4 6	1 10	2147483647	
5 6	0 2147483647	2147483647	
6 6	1 12	2147483647	
7 6	0 2147483647	2147483647	
8 6	1 20	2147483647	
9 6	1 21	2147483647	
0 7	1 7	2147483647	
1 7	0 2147483647	2147483647	
2 7	1 13	2147483647	
3 7	1 14	2147483647	
4 7	0 2147483647	2147483647	
5 7	1 14	2147483647	
6 7	1 13	2147483647	
7 7	0 2147483647	2147483647	
8 7	2 19	22	
9 7	1 20	2147483647	
0 8	5 8	33	
1 8	2 9	32	
2 8	0 2147483647	2147483647	
3 8	0 2147483647	2147483647	
4 8	1 14	2147483647	
5 8	0 2147483647	2147483647	
6 8	0 2147483647	2147483647	
7 8	2 17	24	
8 8	2 18	23	
9 8	2 19	20	
0 9	1 9	2147483647	
1 9	2 10	31	
2 9	2 11	30	
3 9	2 12	29	
4 9	2 13	28	
5 9	2 14	27	
6 9	2 15	26	
7 9	2 16	25	
8 9	1 17	2147483647	
9 9	2 18	19	
