0 0	1 0	0	
1 0	1 1	1	
2 0	1 2	2	
3 0	1 3	3	
4 0	1 4	4	
5 0	1 5	5	
6 0	1 6	6	
7 0	1 7	7	
8 0	1 8	8	
9 0	1 9	9	
0 1	1 1	1	
1 1	0 2147483647	2147483647	
2 1	0 2147483647	2147483647	
3 1	0 2147483647	2147483647	
4 1	1 5	5	
5 1	0 2147483647	2147483647	
6 1	0 2147483647	2147483647	
7 1	0 2147483647	2147483647	
8 1	1 9	9	
9 1	1 10	10	
0 2	0 2147483647	2147483647	
1 2	0 2147483647	2147483647	
2 2	1 22	22	
3 2	1 23	23	
4 2	0 2147483647	2147483647	
5 2	1 23	23	
6 2	1 22	22	
7 2	0 2147483647	2147483647	
8 2	0 2147483647	2147483647	
9 2	0 2147483647	2147483647	
0 3	1 2147483647	2147483647	
1 3	0 2147483647	2147483647	
2 3	1 21	21	
3 3	0 2147483647	2147483647	
4 3	1 19	19	
5 3	0 2147483647	2147483647	
6 3	1 21	21	
7 3	0 2147483647	2147483647	
8 3	1 23	2147483647	
9 3	1 24	2147483647	
0 4	1 2147483647	2147483647	
1 4	0 2147483647	2147483647	
2 4	1 20	20	
3 4	0 2147483647	2147483647	
4 4	1 18	18	
5 4	0 2147483647	2147483647	
6 4	1 20	20	
7 4	0 2147483647	2147483647	
8 4	1 22	2147483647	
9 4	1 23	2147483647	
0 5	1 2147483647	2147483647	
1 5	0 2147483647	2147483647	
2 5	1 19	19	
3 5	0 2147483647	2147483647	
4 5	2 17	19	
5 5	0 2147483647	2147483647	
6 5	1 19	19	
7 5	0 2147483647	2147483647	
8 5	1 21	2147483647	
9 5	1 22	2147483647	
0 6	1 2147483647	2147483647	
1 6	0 2147483647	2147483647	
2 6	1 18	18	
3 6	0 2147483647	2147483647	
4 6	2 2147483647	18	
5 6	0 2147483647	2147483647	
6 6	1 18	18	
7 6	0 2147483647	2147483647	
8 6	1 20	2147483647	
9 6	1 21	2147483647	
0 7	1 2147483647	2147483647	
1 7	0 2147483647	2147483647	
2 7	2 17	19	
3 7	2 2147483647	18	
4 7	1 2147483647	2147483647	
5 7	2 2147483647	18	
6 7	2 17	19	
7 7	0 2147483647	2147483647	
8 7	1 19	2147483647	
9 7	1 20	2147483647	
0 8	1 2147483647	2147483647	
1 8	1 2147483647	2147483647	
2 8	0 2147483647	2147483647	
3 8	0 2147483647	2147483647	
4 8	1 2147483647	2147483647	
5 8	0 2147483647	2147483647	
6 8	0 2147483647	2147483647	
7 8	2 17	2147483647	
8 8	1 18	2147483647	
9 8	1 19	2147483647	
0 9	1 2147483647	2147483647	
1 9	1 2147483647	2147483647	
2 9	1 2147483647	2147483647	
3 9	1 2147483647	2147483647	
4 9	1 2147483647	2147483647	
5 9	1 2147483647	2147483647	
6 9	1 2147483647	2147483647	
7 9	5 2147483647	18	
8 9	2 17	2147483647	
9 9	1 18	2147483647	
