0 0	2 128	1 0 -1 -1 -1 -1 -1 -1 
1 0	1 127	2 0 -1 -1 -1 -1 -1 -1 
2 0	2 128	3 0 -1 -1 -1 -1 -1 -1 
3 0	1 127	4 0 -1 -1 -1 -1 -1 -1 
4 0	2 128	5 0 -1 -1 -1 -1 -1 -1 
5 0	1 127	6 0 -1 -1 -1 -1 -1 -1 
6 0	2 128	7 0 -1 -1 -1 -1 -1 -1 
7 0	1 127	8 0 -1 -1 -1 -1 -1 -1 
8 0	2 128	8 1 9 0 -1 -1 -1 -1 
9 0	1 127	9 1 8 0 -1 -1 -1 -1 
0 1	1 127	0 0 -1 -1 -1 -1 -1 -1 
1 1	0 2147483647	-1 -1 -1 -1 -1 -1 -1 -1 
2 1	0 2147483647	-1 -1 -1 -1 -1 -1 -1 -1 
3 1	0 2147483647	-1 -1 -1 -1 -1 -1 -1 -1 
4 1	1 127	4 0 -1 -1 -1 -1 -1 -1 
5 1	0 2147483647	-1 -1 -1 -1 -1 -1 -1 -1 
6 1	0 2147483647	-1 -1 -1 -1 -1 -1 -1 -1 
7 1	0 2147483647	-1 -1 -1 -1 -1 -1 -1 -1 
8 1	1 127	9 1 8 2 8 0 -1 -1 
9 1	2 128	8 1 9 2 9 0 -1 -1 
0 2	2 128	0 1 -1 -1 -1 -1 -1 -1 
1 2	0 2147483647	-1 -1 -1 -1 -1 -1 -1 -1 
2 2	1 2147483647	-1 -1 -1 -1 -1 -1 -1 -1 
3 2	1 2147483647	-1 -1 -1 -1 -1 -1 -1 -1 
4 2	0 2147483647	-1 -1 -1 -1 -1 -1 -1 -1 
5 2	1 1	6 2 -1 -1 -1 -1 -1 -1 
6 2	1 0	-1 -1 -1 -1 -1 -1 -1 -1 
7 2	0 2147483647	-1 -1 -1 -1 -1 -1 -1 -1 
8 2	2 128	9 2 8 1 8 3 -1 -1 
9 2	4 127	8 2 9 1 9 3 -1 -1 
0 3	1 127	0 2 -1 -1 -1 -1 -1 -1 
1 3	0 2147483647	-1 -1 -1 -1 -1 -1 -1 -1 
2 3	1 2147483647	-1 -1 -1 -1 -1 -1 -1 -1 
3 3	0 2147483647	-1 -1 -1 -1 -1 -1 -1 -1 
4 3	1 2147483647	-1 -1 -1 -1 -1 -1 -1 -1 
5 3	0 2147483647	-1 -1 -1 -1 -1 -1 -1 -1 
6 3	1 1	6 2 -1 -1 -1 -1 -1 -1 
7 3	0 2147483647	-1 -1 -1 -1 -1 -1 -1 -1 
8 3	1 127	8 4 8 2 9 3 -1 -1 
9 3	1 126	9 4 -1 -1 -1 -1 -1 -1 
0 4	2 128	0 3 -1 -1 -1 -1 -1 -1 
1 4	0 2147483647	-1 -1 -1 -1 -1 -1 -1 -1 
2 4	1 2147483647	-1 -1 -1 -1 -1 -1 -1 -1 
3 4	0 2147483647	-1 -1 -1 -1 -1 -1 -1 -1 
4 4	1 2147483647	-1 -1 -1 -1 -1 -1 -1 -1 
5 4	0 2147483647	-1 -1 -1 -1 -1 -1 -1 -1 
6 4	1 2	6 3 -1 -1 -1 -1 -1 -1 
7 4	0 2147483647	-1 -1 -1 -1 -1 -1 -1 -1 
8 4	1 126	9 4 -1 -1 -1 -1 -1 -1 
9 4	2 127	9 5 8 4 9 3 -1 -1 
0 5	1 127	0 4 -1 -1 -1 -1 -1 -1 
1 5	0 2147483647	-1 -1 -1 -1 -1 -1 -1 -1 
2 5	1 2147483647	-1 -1 -1 -1 -1 -1 -1 -1 
3 5	0 2147483647	-1 -1 -1 -1 -1 -1 -1 -1 
4 5	1 2147483647	-1 -1 -1 -1 -1 -1 -1 -1 
5 5	0 2147483647	-1 -1 -1 -1 -1 -1 -1 -1 
6 5	1 3	6 4 -1 -1 -1 -1 -1 -1 
7 5	0 2147483647	-1 -1 -1 -1 -1 -1 -1 -1 
8 5	1 127	9 5 8 4 8 6 -1 -1 
9 5	1 126	9 4 9 6 -1 -1 -1 -1 
0 6	2 128	0 5 -1 -1 -1 -1 -1 -1 
1 6	0 2147483647	-1 -1 -1 -1 -1 -1 -1 -1 
2 6	1 2147483647	-1 -1 -1 -1 -1 -1 -1 -1 
3 6	0 2147483647	-1 -1 -1 -1 -1 -1 -1 -1 
4 6	1 2147483647	-1 -1 -1 -1 -1 -1 -1 -1 
5 6	0 2147483647	-1 -1 -1 -1 -1 -1 -1 -1 
6 6	1 4	6 5 -1 -1 -1 -1 -1 -1 
7 6	0 2147483647	-1 -1 -1 -1 -1 -1 -1 -1 
8 6	1 126	9 6 -1 -1 -1 -1 -1 -1 
9 6	2 127	9 5 9 7 8 6 -1 -1 
0 7	1 127	0 6 -1 -1 -1 -1 -1 -1 
1 7	0 2147483647	-1 -1 -1 -1 -1 -1 -1 -1 
2 7	1 2147483647	-1 -1 -1 -1 -1 -1 -1 -1 
3 7	1 2147483647	-1 -1 -1 -1 -1 -1 -1 -1 
4 7	0 2147483647	-1 -1 -1 -1 -1 -1 -1 -1 
5 7	1 6	6 7 -1 -1 -1 -1 -1 -1 
6 7	1 5	6 6 -1 -1 -1 -1 -1 -1 
7 7	0 2147483647	-1 -1 -1 -1 -1 -1 -1 -1 
8 7	1 127	8 8 9 7 8 6 -1 -1 
9 7	1 126	9 8 9 6 -1 -1 -1 -1 
0 8	2 128	0 7 -1 -1 -1 -1 -1 -1 
1 8	1 127	0 8 -1 -1 -1 -1 -1 -1 
2 8	0 2147483647	-1 -1 -1 -1 -1 -1 -1 -1 
3 8	0 2147483647	-1 -1 -1 -1 -1 -1 -1 -1 
4 8	2 128	4 9 -1 -1 -1 -1 -1 -1 
5 8	0 2147483647	-1 -1 -1 -1 -1 -1 -1 -1 
6 8	0 2147483647	-1 -1 -1 -1 -1 -1 -1 -1 
7 8	1 127	7 9 8 8 -1 -1 -1 -1 
8 8	1 126	9 8 -1 -1 -1 -1 -1 -1 
9 8	2 127	8 8 9 7 9 9 -1 -1 
0 9	1 127	0 8 -1 -1 -1 -1 -1 -1 
1 9	2 128	0 9 1 8 2 9 -1 -1 
2 9	1 127	3 9 1 9 -1 -1 -1 -1 
3 9	2 128	2 9 4 9 -1 -1 -1 -1 
4 9	1 127	3 9 5 9 -1 -1 -1 -1 
5 9	2 128	6 9 4 9 -1 -1 -1 -1 
6 9	1 127	7 9 5 9 -1 -1 -1 -1 
7 9	2 128	6 9 7 8 -1 -1 -1 -1 
8 9	1 127	7 9 8 8 -1 -1 -1 -1 
9 9	1 126	9 8 -1 -1 -1 -1 -1 -1 
